15313
18604
1470
9477
9971
10908
1984
4168
16374
4140
10342
13533
11136
9455
14914
17611
1708
14092
11324
17830
5195
14220
11349
19971
13188
4016
4674
16943
8766
11834
18653
2133
4030
11860
6949
3950
13737
2760
1965
5147
14592
14626
2947
13407
1570
4605
6531
4086
6768
13262
13898
17305
6596
2946
6455
9361
8463
13804
15284
11115
17620
3671
5945
18905
2690
13117
733
10751
13448
2957
3091
8699
14175
15138
19655
10668
6780
1390
8255
18327
11158
19161
1793
16475
1946
10625
18371
12705
6794
10815
12809
11149
17642
15293
4334
2469
6040
8049
13773
16863
13266
16006
12894
9567
2058
8617
1283
4011
1827
4741
13705
10181
14902
7187
6712
18288
8626
2467
11827
16983
14372
10681
5049
6630
3620
14238
13709
3207
5583
3820
11325
19395
4318
14615
7604
13774
18520
13632
135
11458
2009
17366
15013
16904
9318
3176
18481
5012
6804
4311
19985
10325
2241
16062
16938
9655
3030
5292
18570
5830
13661
6873
12788
18360
3454
12544
16702
17253
17977
19042
3077
19249
11367
7100
1893
6653
11437
12903
1677
11403
8470
8935
6727
15292
84
125
3185
5997
3700
3183
16694
10872
12657
18994
7467
18853
7488
6171
1150
17501
1721
5893
15608
19470
1033
12792
580
1047
5303
6489
12432
13697
7565
13441
11537
829
9245
2116
4724
3864
6737
7508
515
19784
9860
13934
11877
2648
1084
12016
15997
10993
6332
7435
16614
14994
18267
11372
3774
2097
12591
13309
7580
3133
13466
19283
1548
5009
17501
16351
6323
10317
3644
9089
10828
17328
9222
19035
5519
18443
18129
3774
8772
13664
14315
8887
15025
284
9735
7511
17763
8491
19569
4722
14829
10056
7332
18905
3233
2082
15761
12984
7718
16410
9450
1252
14725
12982
5438
8228
4890
7738
4872
17427
12965
1367
19958
11718
13779
3386
13387
19876
3226
977
10043
2660
3196
1479
14203
3357
16700
18817
1450
5781
17960
14511
2575
7944
19600
3084
8197
18435
19813
10413
9860
958
15551
2567
14615
3538
5346
17096
2072
16136
18795
4995
1691
1043
6976
10939
17333
17690
6441
7519
19696
18680
18008
10099
374
18042
9047
17019
1124
18807
2077
8261
12287
12338
7440
19352
17233
17347
10753
19684
68
5237
10333
1311
10177
5782
7579
17435
14829
12015
4797
7666
7917
2191
4827
17002
1420
8627
3810
13015
4902
14975
17631
18438
9837
14721
1823
6759
7825
17679
8037
7343
18376
14622
2533
10550
15012
5783
5768
18653
4319
13857
15791
12078
2618
11495
2648
3416
10594
11793
1472
643
5074
4344
15904
3906
10787
15743
9101
17804
19391
16946
18471
8285
55
14782
10143
4620
17581
12044
15164
6108
594
12309
12745
11496
12514
13840
15972
17215
5775
12720
5128
8385
14885
35
9163
2321
5434
9738
197
14823
15760
2834
7103
17782
8050
11925
17245
16012
5810
14571
11061
7953
10354
10319
12711
883
8241
8327
18276
5734
15200
3032
3431
15741
8300
2144
1413
8352
14775
3083
18423
16016
1398
1432
4536
738
1606
14826
13942
3168
239
15751
17156
15474
12915
14694
2283
1440
10123
5315
2676
15100
16586
18195
4081
18096
3919
4725
14166
6982
4144
13980
5681
14661
5244
7204
18544
14991
847
18406
4354
18081
1078
1310
14228
12153
10351
8303
6400
17308
15718
13059
7128
3763
4389
13353
12386
14137
4786
12067
9729
12211
10316
17530
10733
1753
10998
16963
11129
19046
15529
14780
19402
17841
9814
7133
3386
11498
816
15814
2182
11870
4213
4435
6808
15684
4253
2718
5903
10885
11967
10254
15932
228
17990
2861
3920
11586
17834
484
2281
10987
17985
5954
11583
749
5109
3210
4527
10944
17488
18147
8248
1322
8833
9757
5327
10370
18357
12862
16112
9965
1267
7694
5745
6503
8977
14769
1925
2329
1538
14905
5903
3144
2407
15588
7998
3686
4306
4741
9494
2921
4575
10533
16252
1490
14905
17067
9825
626
1598
19418
5531
2865
2951
19023
9355
11654
548
12368
9535
1137
13870
5548
11079
8521
19068
15797
15037
7263
11396
8713
14939
12049
3756
15319
13065
12489
1105
2527
16608
4181
7815
9768
11614
5164
18193
2085
7337
5946
14232
15218
2444
13109
1913
14446
6409
13582
8050
3645
1808
5429
12378
8392
19846
1949
11659
12258
14453
7375
7683
6616
8001
7576
14885
5959
17510
3907
886
15626
1361
3586
4921
17246
7661
7113
6444
964
12182
3453
17862
1283
1466
9753
3331
1560
1920
5223
10835
17658
18245
13303
16448
12859
10212
143
5175
4070
13631
4785
5994
7235
8899
11549
16856
6310
8141
16190
9034
10498
14673
8514
6253
7307
14221
12866
7695
17024
14085
19573
12502
5065
3607
18525
17577
3928
12973
14330
7317
13544
11760
17846
1930
18836
17785
1670
5640
10687
7817
6766
14844
505
19777
9430
9463
8517
13261
6367
16391
4841
4513
2077
18259
14461
10196
15974
14349
7377
17533
17041
14375
15809
13858
4667
14123
100
505
851
1946
10386
9158
10284
13859
10073
4271
15432
13487
677
12279
7569
4673
10086
3820
1461
4495
661
13939
13612
9370
8882
7514
16695
12109
11708
6152
18412
15922
7282
14291
17405
16876
12425
5293
7541
3060
15533
9857
9755
11168
10366
753
8610
16581
9494
14518
12148
10763
16794
6618
18397
4668
1624
2751
450
324
7211
18023
1679
16359
4178
16820
5434
8901
8292
14247
14255
17161
10317
15429
7748
11521
12783
14575
18936
17583
17888
6273
13473
13971
8419
433
7031
11820
13726
16014
4768
17934
9348
1610
5580
7369
18109
4326
1878
5928
2039
13575
1482
9723
4148
19461
4996
7253
18619
19671
11186
6056
18340
6312
16686
1661
12603
14693
16546
10398
9202
5605
5204
14315
10495
6255
15194
10808
4673
6482
7992
7818
11978
9172
13506
11836
4402
11156
17396
8738
3713
10907
19260
12600
13671
18407
5130
4150
15958
16158
997
4029
18920
18901
2639
3495
788
78
16841
4414
15031
16203
15325
5807
9656
14593
2751
7039
11122
4688
2697
15364
11431
18325
264
7206
14002
8715
704
8132
4379
18164
4241
18262
1132
13306
6854
18864
9276
5042
1870
4500
18998
2284
10282
3713
16353
16003
2974
10008
15040
16489
15167
1417
3502
18804
4901
1782
2139
11564
12434
6899
4112
4335
13038
4716
18239
12485
14082
11081
12660
18409
19709
13539
7479
15068
11540
4245
340
12675
8294
2334
3673
9087
9401
11733
9201
5282
1981
6061
2744
14664
2429
17925
17769
7184
695
4122
13299
6790
1633
1126
9713
12455
12385
8074
17600
8654
5026
8921
5883
11811
3700
18419
17023
8506
15666
12230
19743
18401
19387
1832
16015
15723
4134
9799
13282
17119
16907
4235
10062
4505
10606
13754
19275
8935
19508
11293
12295
14665
15166
4926
15983
11236
8193
5929
886
4205
19094
14006
11614
4862
11831
16030
13443
4638
2494
5064
17287
9236
19874
14860
10450
16600
11778
9766
13065
8999
6826
887
8302
3206
12881
13931
17391
3178
18678
5325
19144
7954
10437
17710
5583
17580
11237
1464
17048
938
14848
6646
18990
14363
4446
3427
2030
7554
11344
16579
13956
12067
3541
16754
17393
17739
1364
11678
10762
13379
13745
2533
2889
16862
9471
2055
1836
2005
18782
787
1574
229
9727
2603
19891
7346
2982
10911
4640
11012
2347
842
4767
17169
6384
1903
15637
17834
1986
11662
16078
2566
14013
6548
16758
15934
4370
18646
9687
458
4797
17696
10175
17714
8049
8910
12428
3015
14352
17273
15778
15667
17495
19373
9887
7530
14336
1996
14881
3641
18363
1213
13212
860
13094
13520
15158
1692
12422
17777
19957
12053
14088
6517
11161
1795
12165
16266
18079
19323
12927
12738
8006
6760
10399
19464
10202
9092
12073
17805
12783
1112
19414
12868
9824
15909
2388
5979
5443
19532
11916
12912
14684
4451
11790
1667
11584
18763
6720
16856
12
14753
6575
11439
12212
17597
11669
7458
16565
11654
1721
6401
15540
11427
13683
15160
19893
17976
14487
12319
13608
19535
14609
3754
8245
17129
4476
5988
17354
14226
13035
16004
17275
9224
12129
15256
11013
15363
303
14949
8228
1038
6739
10972
16381
19673
12497
13945
6827
16578
15579
19440
10782
1024
3290
5097
11613
6555
12245
12140
15029
4701
8179
1756
4293
14456
11925
16554
9930
15853
15769
11594
3408
6981
6770
14741
6872
4512
2548
13603
81
15252
7270
15500
16975
544
19095
17312
10540
5672
9371
15873
8161
13706
19483
12622
14816
14668
11981
11695
6737
16404
15364
5974
13996
3926
12342
8861
219
5206
3088
14698
7710
7867
16258
11372
8673
7016
17783
15408
15879
17166
16510
12665
6833
555
9341
6388
6319
4713
5968
11468
10949
1761
243
4863
11655
1858
19917
8636
5168
173
7526
11541
14312
13614
19525
18871
2834
14153
1033
11518
6534
2352
7489
15594
8840
3681
8215
2354
17052
2885
1255
18821
13281
16624
12290
15373
738
702
12867
19047
17798
8906
9753
15743
13211
5965
3465
11122
7153
3070
12277
2592
1378
667
14867
17831
17856
17594
11946
16226
3619
19740
10948
3503
2490
9524
16466
4594
1938
7873
16127
3984
8102
8808
9343
6645
5311
19413
5036
5245
4541
13135
19946
2968
408
12391
7183
5176
6221
3719
5140
1279
12220
4629
14429
2867
6790
17700
19278
8919
9216
795
12571
10198
3620
7452
7726
12174
399
9077
7735
12695
3970
14061
3265
224
18104
3664
7408
3338
17973
10256
15467
1225
7661
13136
2454
14648
17720
7150
11086
18397
8194
18820
2677
13079
15900
17845
9949
5530
38
9367
16133
3188
16678
1355
19924
14933
8427
14618
16644
11894
3117
2240
11043
6951
15512
3014
4662
7195
7811
2115
16584
19073
3078
16440
4600
11128
17136
1397
3948
1719
6096
11780
2066
11240
12978
16633
14996
11608
15786
13077
13402
13255
14279
11302
7508
12803
15531
13620
2979
1700
2533
8063
9230
257
17207
3970
3219
13369
7744
11010
18237
18429
15814
2275
1325
2703
6628
18037
11316
6094
9825
3680
7954
2328
5931
14155
15258
3485
10330
18898
5093
2815
18873
14500
18291
8611
19792
16300
4488
10865
16486
10509
5099
9303
19052
12874
7227
14626
4842
16731
4053
13034
10086
1621
2972
17211
5458
10009
672
14072
19914
16936
16311
13634
1448
3027
17763
15144
13096
11149
14633
11361
13598
2812
14242
2232
5079
4927
16208
15884
17297
17956
11983
11194
17048
2537
15975
5246
2270
17815
2422
1863
19573
12927
1110
2140
10687
9398
4036
6798
19866
10450
8357
1266
489
2614
8136
11642
18535
19913
7602
16190
12145
16206
7605
14204
13377
6643
19802
11253
7541
12901
5578
4476
10554
11720
19599
17088
2144
2702
6161
6352
16509
15804
13019
17315
9601
954
18174
12907
11310
16468
645
14111
502
1847
16427
7095
10256
441
15326
560
18048
2051
6897
3919
17091
13541
17664
17032
1182
15501
336
6843
12265
5387
14891
17595
9768
2108
19410
15052
4034
18206
16855
13860
15691
13762
7783
18004
15197
9800
267
7963
4324
174
1790
11002
17575
6985
8130
17045
15373
11212
2638
14108
2042
12960
2803
4824
19757
9042
18084
10466
167
7594
10981
379
16028
11629
19208
11294
18825
6439
2866
10148
2174
13992
17203
17649
8588
91
13670
301
1628
14798
11754
16317
3861
3382
6527
18975
5677
1549
14874
16854
7814
5121
6524
7167
13287
6970
10743
11225
19342
5361
12194
13931
13132
15443
10652
14842
15886
2735
12030
13742
11934
12812
12328
17791
11571
1964
8076
1208
15277
11363
14785
12580
2554
6908
3857
11824
6092
8190
18273
8473
10884
10496
3673
8207
7019
10195
14053
4670
1849
5853
10116
3613
1506
11776
12965
18696
10477
8645
5250
15822
19699
10340
16500
17813
4936
14164
9359
11613
11831
751
1484
19300
6195
15133
14382
10210
6913
15138
9333
3514
18543
10697
387
12122
13484
19474
8271
12223
10830
3112
1920
8740
16971
14643
12105
19147
8114
13840
12395
13709
4008
8366
5831
3914
16704
18721
13119
14786
10010
5019
8550
10403
14382
16224
6708
823
15788
12009
6046
14239
18238
7947
11369
6446
15613
4204
18875
9189
19253
8181
14537
8608
16338
12775
3382
9531
633
10385
1389
9420
14117
11628
17009
17150
7771
447
14995
11313
5400
3712
18948
10919
19745
1416
3579
16814
14740
9984
13031
19428
945
11252
5322
8
6078
11202
8839
13303
15674
68
16848
1040
16550
15495
8325
10851
4446
12537
8753
18395
6604
12496
12457
3004
5193
8992
3611
18012
10171
7649
9315
4014
13514
16641
10840
13112
19977
12502
14403
3857
3246
17621
10776
5937
9955
7683
4519
12255
9949
10525
7866
15592
11286
16382
17374
5320
19552
11634
17220
14831
5673
9737
6042
15011
2818
12134
590
10002
17068
5623
19487
17601
15643
6616
2061
1886
8276
12518
5221
15478
5775
18329
4369
1959
11449
16704
2207
11876
1473
19160
9058
1205
8315
16705
9470
6920
6716
6964
16612
5518
18622
16223
3255
3496
11021
18998
19423
15562
19418
11373
460
1197
18457
3635
4093
1951
632
12840
14261
14153
19761
6025
2226
5287
15653
3578
4165
14550
19509
1516
294
11869
3921
7657
17146
18268
11114
597
759
18752
1461
17926
16530
810
13666
14680
16780
16078
18924
6216
7209
6078
9986
5559
8259
19346
14183
5905
16568
9369
1598
7528
17750
13424
2096
11311
2571
15741
7638
12208
10961
6205
1363
17581
9234
14084
16556
9172
11552
17745
9040
4068
15279
8675
2642
18188
19888
5869
7182
8279
10260
7762
17080
8440
13015
2543
1577
1592
8045
19159
9366
6621
4142
9826
4025
2945
5867
13795
7940
8640
7553
10284
14343
7321
11452
219
1670
17325
14600
11253
5621
3046
19803
16318
14761
13399
2267
5981
2847
11457
1658
8646
10462
11865
19106
15305
13047
5068
13164
9232
6096
7535
5214
8208
2504
241
13710
15717
1113
4331
13531
3952
17860
2332
11048
14263
18837
2451
3401
12533
5432
9307
4160
16072
14371
12993
2436
1319
12884
592
10434
13233
14139
13194
11168
18049
14646
11776
600
16476
16833
18499
2600
15995
255
3148
17610
12279
7829
11852
15681
2138
12612
9726
6352
6922
16306
15957
8142
16504
10123
15853
19993
11639
13766
3859
11646
4861
8557
3472
957
12751
9401
12383
5125
4623
18819
17564
8581
12636
14480
14202
11904
11999
8526
3647
9852
18922
3438
3029
298
17825
19094
4541
2484
8343
16197
8020
3902
1786
10125
12045
8408
3093
11368
1140
5169
17333
17667
18213
8300
1351
5484
18006
12831
8357
4721
13426
16745
1805
3600
2961
9793
7309
12200
11709
14837
16664
18054
671
9698
9660
12202
15855
9889
14021
18884
9778
7931
18671
643
2875
5317
17937
1023
5652
16410
19211
13917
5135
10356
6537
10562
12780
10761
5716
12030
1997
12436
17723
11996
10896
13556
6789
3218
14794
9752
11032
2182
12356
14178
11513
11562
4088
14703
2216
7931
12037
6665
12118
60
12846
11210
5146
537
10548
15188
13572
17095
12907
16756
13435
1942
17254
15775
4797
184
3192
3631
9096
7559
17052
8819
8984
14653
16342
5994
6879
19454
16114
6068
12920
1073
6061
14559
4179
11781
6486
19721
9918
5425
10751
3652
13168
12961
12708
1541
6435
17853
11498
10513
727
10935
18728
6420
14089
12574
1973
6331
16671
6618
1151
17023
15687
11811
16445
11506
7539
8761
11497
17061
5399
6576
18666
18865
17783
13598
6322
19823
4814
17573
16852
10216
682
7799
15325
13319
17965
3561
2201
14584
5476
19742
18938
16894
3679
12749
9569
4594
2283
19214
3602
19940
2021
7261
11594
15443
16029
4404
15010
17765
7377
9950
2125
17991
18269
12529
19252
16019
18625
13705
11162
10473
6350
6467
5699
18598
2246
18426
6392
6903
9208
19781
8099
3911
12509
7824
18252
9024
12329
14984
3694
1406
4899
1138
274
16531
9949
17614
8986
7163
10886
9015
18558
9091
8214
11660
721
7692
2627
9507
12776
1741
11002
16655
3324
3545
11432
11525
15403
19592
76
8997
3135
15047
14585
6346
7983
5372
1474
9496
16276
11323
8893
4039
7280
11555
12458
7773
17616
19854
3381
14530
6799
2120
1368
1406
1581
4868
14604
666
17022
2971
5076
12166
1244
11642
7699
1815
10808
667
4174
8096
8495
13255
312
2340
12793
14567
15867
3551
8631
7307
14860
15298
18322
13401
16480
8362
6703
10346
17054
3356
13695
12403
17983
4502
19295
1866
16629
2071
16716
1126
11207
3314
13880
99
7954
14996
1455
4883
9280
5207
18693
4971
19710
14865
15718
16010
14000
7625
15967
6482
1630
7542
658
19526
18309
16261
10931
19979
4551
3314
13644
12821
3898
10489
11249
2103
19837
9069
16667
2496
6221
4637
1466
15141
16353
351
14023
3675
17430
3286
8108
299
7752
18856
2422
15570
2284
2724
6542
4865
4220
11749
10782
795
13987
4012
19085
11951
18323
3174
7026
2221
5651
3845
5042
3154
1980
2121
13635
13902
4181
19911
17062
5277
18793
14856
8805
10343
6559
7548
17733
8991
9362
7769
10948
16518
9602
10723
11023
15214
5491
14599
1759
2625
12653
5268
640
15519
8410
19605
11854
11063
321
16711
7003
18759
5834
3714
11225
7906
10750
14710
710
5509
2094
2007
603
4384
826
8171
14192
12402
14905
1167
19753
17234
3793
13691
1705
3060
8749
6957
11422
18655
14502
6185
6479
16729
16198
18169
7253
9759
6689
13176
483
16752
5660
11164
19104
19860
9031
19782
12406
275
8417
7905
6474
10177
16418
14557
12313
12959
19534
11378
5312
18403
2760
13924
17432
5934
7364
11918
12606
19793
5311
13286
3755
15872
4961
11048
3034
2755
172
8624
11209
12156
4911
7185
9456
5313
5424
15653
10526
2390
18409
11224
2171
4628
13629
8039
7077
13132
6137
1711
11555
15647
10948
1937
16965
17665
10041
1569
3277
8574
16149
10110
5237
18394
9784
12640
8432
10158
9712
7695
13106
3365
4692
1590
17170
13073
14854
10455
10720
1742
13710
14967
3093
14775
12320
13092
5161
16867
9503
8642
14407
18853
3904
9265
7623
1597
19204
9051
14932
18872
13937
8956
9659
2317
9433
17507
10150
14699
14030
6864
17168
15441
6100
11119
10460
3049
12065
9769
508
17124
5019
1701
10448
80
17706
13255
10056
16939
17161
16024
15042
12738
15972
1037
9836
10441
3554
2760
12863
17287
16382
15929
5342
6299
1507
2143
12922
6266
11751
907
11898
18247
10338
12940
9918
18499
8535
12758
7294
794
10937
16200
19333
17992
6935
14518
2890
12288
16036
8893
12880
15166
16182
7640
7361
5680
8035
18579
4061
1941
12438
12918
8689
16911
23
13828
5663
14006
1388
5357
4309
8132
16518
14537
6907
12534
4564
16991
4829
10555
6771
6541
19228
8774
18483
10976
19118
5712
4990
19112
5945
16797
16001
7478
6508
16193
19175
19513
10329
17818
9467
3513
6915
15582
19557
19360
5365
16953
18637
14734
1192
6219
289
9136
17722
6372
1861
15458
14095
11506
4293
12717
11921
5307
131
13495
16949
19202
5506
8522
1307
16788
14755
17337
4444
18440
7289
7936
18261
12285
14450
450
5085
10008
12748
8235
13182
2331
17413
1542
2920
367
16119
11552
9497
8685
2835
11113
120
3167
12345
3188
14303
2310
7680
9888
8950
6455
13451
5000
2135
13927
16001
18091
7675
15769
11684
9183
15355
11174
3291
17628
7776
1704
11322
3260
161
11884
15591
10357
6939
1609
1496
2710
14190
4544
10966
14273
11716
12175
8213
11339
4791
10546
6940
1467
566
8596
6579
11361
7216
17581
10427
4943
14185
13053
10549
16703
1708
1196
8111
17601
7598
6033
3349
1452
10396
8785
10502
4376
3955
11702
13161
12446
919
17771
8901
6575
4844
7111
14580
13307
10814
12254
2208
3631
1455
17351
10487
1140
15366
8610
14609
6146
10637
9386
12990
8759
9903
10857
13413
9136
19662
16038
7487
17945
14527
12269
873
10967
1024
15225
6095
5945
14144
7358
17399
6517
678
5692
6545
14021
6715
3563
17229
16851
1431
9114
11750
7193
5157
1145
19608
15866
8101
5551
933
8389
1170
6994
10288
12212
1851
14990
2961
6748
14703
2455
16398
6090
1305
9512
4068
6079
19080
13870
9393
9030
13508
3132
11131
8502
17647
15025
16426
5774
12761
18048
15681
1378
8232
10305
3591
11210
11440
16299
815
12334
12430
8898
18483
710
10051
12283
19882
8694
7464
2255
654
8470
8684
10603
13564
1207
13657
16081
926
15760
16620
19345
15804
16425
12277
14277
1595
4056
9026
3630
10766
3659
8891
6635
14801
2879
497
19822
13830
1719
626
1887
18313
10942
8357
6672
3328
8922
6480
5877
14752
7053
12292
19485
11365
12067
1719
1718
2202
2785
17195
6440
12953
12740
14287
1372
13318
19491
19696
5265
1167
8624
7687
16947
10621
6157
5534
1563
5447
3756
6491
13755
18607
12446
11962
19553
2580
19937
9934
6674
17564
12335
7806
544
19154
10912
18934
6624
14494
13851
14601
16685
17339
16172
18577
281
4260
2194
18018
5820
1942
17102
80
19921
10997
256
15545
10275
17438
17990
15770
13456
4818
10440
2630
1144
4196
16474
3833
18799
9509
15749
2894
7413
8790
12775
9233
8347
15040
17495
9341
1195
19845
17383
408
3891
4856
15233
7109
8899
5571
13933
7422
2137
4651
18632
3020
839
8488
864
404
12901
14170
1665
7374
13922
7003
18431
1181
9292
19925
17796
14363
17563
5782
12337
6119
3751
18236
5179
11160
16419
10004
4989
19831
5409
4242
1075
16117
18838
8594
13265
8723
16260
14899
14211
4643
17184
2656
4472
17118
19345
2973
4930
1791
4893
10079
1953
11128
3555
8297
17246
4756
15719
2065
2636
16670
9954
150
3707
19491
15697
18645
13655
10618
10291
11748
10942
7146
5874
15342
18549
19605
9253
13443
13568
17733
10935
14600
15111
2860
13442
11524
13426
18359
4902
4310
9097
15522
15260
10071
17001
1580
18984
10710
18627
7853
5992
4647
9962
9607
1571
4897
17586
5510
5391
18436
1113
11737
18116
17397
2623
18808
6423
19793
3466
1555
9638
10854
19573
17197
3466
15620
16238
4487
8990
10471
2310
7138
7460
7609
11097
19481
8666
16327
12276
9046
16111
13765
19709
5639
17076
17601
11249
11936
7338
7714
3439
2873
6985
10910
7396
13282
3389
11826
9582
15694
12486
18985
7561
10978
11577
5005
7111
1982
16317
3755
4393
11541
11844
18035
10583
811
52
19693
366
13864
18368
12303
18346
8242
11946
15458
5445
5446
8661
4571
18212
17493
10827
4476
4645
5987
1014
19496
10560
16727
11222
7326
2730
18049
16544
1602
17348
7270
7953
8397
15211
9759
642
16470
4708
15848
3973
9106
4108
8262
204
16017
15720
1465
602
1026
13096
13701
3540
17502
5373
17934
10664
13525
2533
2905
19580
15036
15729
3272
8198
15476
15643
3910
11907
191
10450
1356
18059
19533
18484
17509
5524
9402
3418
16852
2268
325
7641
18604
6947
17842
2530
15263
11858
3678
10265
16389
3314
10185
17087
7290
12115
10529
5613
10779
15097
1283
5761
10415
14758
2216
1960
4683
13380
5325
14341
19115
8496
19964
6850
11404
4425
15452
4957
783
13770
17293
8846
16179
3071
16544
18796
14224
18534
4936
7455
16992
16060
11150
556
7502
17298
10443
4861
12506
5161
5801
15574
3426
6094
11906
4294
9860
9618
18113
18144
2233
17779
12448
6566
4429
14747
8030
16219
17328
10404
9089
1928
19995
474
1995
13446
4101
5465
6587
15417
14244
9231
723
3237
15384
11007
15251
13665
6692
15945
7392
10345
15332
18343
1292
4814
7770
1479
6206
15627
13549
10621
19648
11416
10492
9861
2161
14464
9244
16981
3477
3564
16610
5864
5685
17757
16489
17730
7395
8864
8826
19753
14142
10410
4729
18103
18435
5946
12022
13982
17148
2562
17777
16772
4173
15021
1215
10580
2779
10987
13486
2564
411
8093
12243
18482
2603
238
1673
3743
11961
3613
6735
15843
5658
7046
14834
4325
12144
14016
17001
8403
3798
15608
16866
3586
5742
13098
9081
18540
17373
15834
18636
12173
8437
11157
14197
16906
10683
582
968
9856
15011
17680
18597
4305
7855
14689
9516
12502
3494
18956
12272
7847
4397
4923
14829
12470
9459
18646
12037
12094
14540
10359
3911
19299
14142
5770
6982
17732
8290
1829
1033
8393
14719
7935
7717
19876
969
4484
19818
14755
10404
15728
13373
12582
1605
3697
18250
16317
17083
681
2866
5789
9492
1633
3166
4882
804
8349
6073
13247
10064
2983
222
11935
2662
11026
11963
10493
11412
1314
5216
2438
19806
2998
12631
4815
1138
18799
7945
9577
6377
6100
9627
4053
15168
6363
7936
6909
5465
4880
18484
13294
9136
1116
17176
5171
12053
9325
14306
3666
12467
7824
8774
14453
698
12419
16883
1832
9226
4059
4387
5718
19957
12263
290
8377
12378
14329
3616
18013
7877
16347
4188
3315
15714
15157
2410
8761
17288
6747
5959
7743
14788
15656
19476
10587
9984
7004
16639
12593
17605
6814
11420
13343
9346
6960
12982
814
1750
9730
1677
17591
2712
5270
11607
8890
9087
13562
6311
4645
17670
6946
14533
3045
16362
766
15725
5813
1578
13542
19696
11879
13659
11691
5298
1771
2066
14510
18334
15785
14354
8862
8717
3389
2768
16734
5574
11657
1714
13441
13820
10999
12342
16945
18547
778
4925
15876
12467
3143
17440
6854
16349
2347
1921
941
7515
18839
8201
1937
11670
17420
11852
18685
19197
3437
217
19103
13678
18001
8806
14991
15167
18029
3138
11553
13105
15767
3504
12286
8437
16683
1689
12658
5344
10016
6491
6256
124
11382
6579
2198
6121
18813
10196
6381
4058
6276
6131
13750
1552
19312
5971
9152
12630
11705
13767
16555
12959
18370
3220
13080
19940
2935
17711
12110
18253
14446
16952
12649
9128
16966
15360
9151
8234
9525
14436
14757
6140
18435
19696
12715
10351
4574
11015
18701
11343
17799
6727
15851
10479
9672
11507
11543
11122
5259
17293
14328
13681
5905
12625
9541
17544
785
14732
14147
2652
16939
12557
14556
8115
16033
17542
17810
10578
3660
15723
3411
16259
6937
3396
12230
10413
525
13882
18905
10642
14727
438
16128
567
6889
214
3996
16279
17015
11243
7817
17709
11471
2404
11330
15394
15402
9238
9817
18652
1769
2953
3388
13273
14536
5864
1823
1052
6127
17781
2528
7932
19084
19548
4288
2409
12892
1030
6446
14039
11585
16975
13472
3467
9669
13889
2330
8504
17615
6949
17856
14665
15564
10193
10213
5030
14177
18682
6669
8958
17092
11431
3522
13264
3821
16676
16968
17632
6562
14506
4074
5576
10937
2328
2522
14839
1846
19936
3203
7445
13143
2578
4005
7336
15372
12251
125
1062
4337
7383
8814
2939
2826
7628
10359
13890
7551
12584
2756
254
6525
3492
13788
653
5739
19034
15224
1465
6834
11614
10098
7267
3703
13808
18279
13838
17016
6433
3522
10097
8835
603
19457
5503
11848
17114
664
10623
9446
5722
6103
11053
4204
1713
14904
1174
2473
19604
12280
15631
6896
9039
7238
2650
10195
4544
7208
14405
2282
1075
14050
8555
4635
10199
9215
14805
1611
3312
525
9123
2431
15304
414
15449
16064
406
5483
9873
1818
13587
6674
11716
7879
3860
15116
19429
16458
12669
16999
19224
15788
18627
18103
19824
16834
9706
16030
11398
14094
2802
17911
3019
18160
9069
13179
2101
7749
13807
17436
1459
1949
6742
11772
5872
5771
5335
5279
8946
6098
18219
529
18259
8376
12894
18547
14737
14734
932
7539
19845
12690
14857
10840
16489
7614
14347
9665
10516
14614
10486
682
1841
15883
17183
2379
13988
2831
10360
13537
14294
1652
8553
10096
1358
10819
14057
4935
8750
4323
7332
16855
7985
6912
13789
14836
8366
6609
4291
9300
18335
5066
16773
6704
11724
16612
2282
16300
7996
12906
13434
19079
15883
174
9481
14794
15001
235
15979
7033
6284
18706
1036
8347
5838
18462
15231
14156
212
2554
3852
17300
6515
6007
2593
2645
18598
2468
5552
10964
19500
13306
1124
3984
5703
18212
5421
6213
19463
15937
18566
13229
16603
10036
3029
10139
15587
7542
17607
18682
16390
3519
4200
3506
18369
19496
18171
17644
16428
18753
14728
3652
7784
6297
14524
6964
16608
13919
9757
5090
7542
10210
9746
14015
14380
16840
4085
4401
1274
13071
19008
3477
1082
7656
13982
16796
15311
4356
18757
4744
14396
4149
4560
6401
3228
14927
2728
13775
6001
17946
15274
18240
3199
10744
10421
6367
9654
10725
14555
15733
7120
9460
10780
3443
11430
9783
13461
7666
13564
3296
18371
12800
8724
2756
16977
10460
8600
17340
9862
7021
11889
7600
14903
3501
18881
991
7004
3742
15250
5085
10127
12452
18837
2089
684
13672
15116
16399
11614
6715
7914
12153
1642
19387
17252
15047
11605
14365
17347
1651
677
8345
19670
9886
331
6303
10995
8773
1426
18013
7409
13305
6368
18243
11987
7909
6363
5462
3066
8584
3677
11478
6526
13645
2838
7320
10299
1330
6393
6011
1589
19224
18250
1509
6961
19434
11500
17300
10002
12147
4632
2243
10086
1690
8098
7241
10931
17176
14256
7374
12719
4557
14190
18243
4121
8553
16417
182
7368
9362
4185
8327
2219
5388
1024
6343
13622
8303
93
1881
2396
19174
14718
19419
7101
8661
17778
15008
12377
8579
9937
2721
11259
10219
4158
10339
8455
17852
18473
7552
3314
16889
12898
1213
10885
10306
4234
17715
272
4287
12107
4382
7605
2078
16945
10495
5666
7192
1734
2936
18208
19542
4142
4584
14321
18864
18035
11985
4831
17120
19473
2337
16567
3089
13518
1960
971
12510
10334
16307
7222
18558
14520
1336
9315
483
16075
18775
14835
4560
2291
16273
9162
2200
6428
11654
8187
6391
15787
10130
10232
743
6087
13075
380
12398
6289
8596
8956
7272
19399
859
407
12842
11621
21
18178
6765
80
410
2489
19198
735
8745
10705
13217
10247
14754
2190
6246
17922
8943
7081
13602
253
1648
14605
19636
4223
7769
1676
19948
18302
15141
393
10571
16381
5566
19597
1435
14423
7729
7890
10001
11516
17184
13112
14130
13739
12393
452
15408
5855
4970
17480
7584
8545
8472
15589
9608
16201
15338
11534
226
8190
7457
2623
14304
13407
18846
1192
10303
720
6634
8234
18462
1596
15348
3994
17447
301
4509
10547
19620
19735
13494
9414
8518
19900
8362
2516
5786
15504
17316
17831
10104
11191
11875
46
17827
19659
1952
17620
18413
201
13730
3428
10098
8825
19720
3307
2528
10340
7131
8399
16750
6470
16435
8136
14202
13105
19043
8688
13631
7170
18681
10923
1279
5135
18023
2772
12608
11916
5686
19757
15019
17334
16701
18157
12882
12147
4880
1719
19328
5992
16264
19987
2182
5271
19768
15039
9967
1059
5227
14529
1779
18258
17870
12497
19774
10168
13325
3708
10818
10861
15490
55
14460
16963
9675
9637
2038
16733
8543
190
11686
2689
4304
489
2328
4474
4965
2687
18162
9293
19922
13356
10756
12811
6182
3364
3359
15516
10367
283
5912
3136
4666
19427
18076
10709
1579
10621
10465
-3 4 -1 -4 0 -5 2 -1 4 -3 4
3 -3 -1 0 -1 -4 4 -3 -4